version https://git-lfs.github.com/spec/v1
oid sha256:5cacac28c2d1388b650f053763872a7a7e802fa5c583327a833e89ac59598021
size 64
