version https://git-lfs.github.com/spec/v1
oid sha256:cbd2ab9a3651d2aa7f4a424dbaea658834037a2dcc386f86c5de1a067f8d5512
size 284
