version https://git-lfs.github.com/spec/v1
oid sha256:5f72f70b203aade152fcd1e6f07ae4d788016413a446eb34b4cc589a80301482
size 22196
