version https://git-lfs.github.com/spec/v1
oid sha256:34bfa0f796c422a7a1321149a7676a8789b14fab92a19f5df4f3c9569aa2f438
size 460
