version https://git-lfs.github.com/spec/v1
oid sha256:d666e8c990eb46eb612e1d59824782066f14919b891c63ccc3639c557ae53f19
size 1076
