version https://git-lfs.github.com/spec/v1
oid sha256:c18ab57d390967443b35f2855056846910dcaf8036e191ad678a9ad2e1a3fd4b
size 6356
