version https://git-lfs.github.com/spec/v1
oid sha256:ccf8e22634633443f1b6bf30b1eb22763bd7a35c566f5e2a455427127e3fbd04
size 504
